 0.00000000e+00  0.00000000e+00  0.00000000e+00  6.19241211e-03 
 1.00000000e-14  1.00000000e-14  1.00000000e-14  6.08718959e-03 
 2.00000000e-14  2.00000000e-14  2.00000000e-14  5.98242646e-03 
 4.00000000e-14  4.00000000e-14  4.00000000e-14  5.77446320e-03 
 8.00000000e-14  8.00000000e-14  8.00000000e-14  5.36608354e-03 
 1.60000000e-13  1.60000000e-13  1.60000000e-13  4.58884635e-03 
 3.20000000e-13  3.20000000e-13  3.20000000e-13  3.24826387e-03 
 6.40000000e-13  6.40000000e-13  6.40000000e-13  1.66425079e-03 
 9.98140910e-13  9.98140910e-13  9.98140910e-13  1.45656667e-03 
 1.00000000e-12  1.00000000e-12  1.00000000e-12  1.45694799e-03 
